                               Estimate Std. Error      z value     Pr(>|z|)
(Intercept)                  0.11029162  0.6011869   0.18345644 8.544399e-01
PV.TimeTRUE                 -3.20773683  0.2850013 -11.25516392 2.184196e-29
PV.PositionTRUE             -1.47961911  0.1921370  -7.70085331 1.351606e-14
PV.DiscourseTRUE            -0.32190462  0.2117135  -1.52047316 1.283921e-01
TA.doTRUE                    0.13143960  0.1939856   0.67757403 4.980418e-01
TA.speechTRUE               -0.60059140  0.1932314  -3.10814584 1.882651e-03
TA.cognitiveTRUE             0.33559920  0.1986900   1.68905963 9.120800e-02
TA.allowTRUE                 1.04487824  0.5056650   2.06634479 3.879594e-02
RdplSTRUE                    0.94575270  0.4086476   2.31434761 2.064866e-02
Sg.actorTRUE                 0.14618231  0.2470212   0.59178054 5.539976e-01
D.actorTRUE                 -0.00953136  0.2962802  -0.03217009 9.743364e-01
Prox.actorTRUE              -1.13374812  0.4321367  -2.62358696 8.700923e-03
actor.1TRUE                 -0.01993574  0.1313772  -0.15174427 8.793886e-01
actor.2TRUE                 -0.99341279  0.2091582  -4.74957619 2.038434e-06
goal.3TRUE                   0.59969080  0.5885668   1.01890021 3.082503e-01
goal.4TRUE                   0.94902483  0.5880199   1.61393329 1.065419e-01
goal.1TRUE                   1.05985981  0.5898341   1.79687787 7.235501e-02
goal.2TRUE                   0.07163366  0.6049951   0.11840370 9.057478e-01
Sg.goalTRUE                 -0.43338407  0.1779950  -2.43481029 1.489960e-02
NDA.Relations.goalTRUE       0.86783717  0.2248032   3.86043131 1.131871e-04
Prox.goalTRUE               -0.27192268  0.2525156  -1.07685516 2.815450e-01
NA.beast.of.burden.goalTRUE  0.31992884  0.2798789   1.14309723 2.529982e-01
Pers.goalTRUE                1.09521655  0.4548638   2.40779034 1.604940e-02
NA.food.goalTRUE             1.03770038  0.6541967   1.58622074 1.126892e-01
                            Estimate Std. Error z value Pr(>|z|)
(Intercept)                    0.110      0.601   0.183    0.854
PV.TimeTRUE                   -3.208      0.285 -11.255    0.000
PV.PositionTRUE               -1.480      0.192  -7.701    0.000
PV.DiscourseTRUE              -0.322      0.212  -1.520    0.128
TA.doTRUE                      0.131      0.194   0.678    0.498
TA.speechTRUE                 -0.601      0.193  -3.108    0.002
TA.cognitiveTRUE               0.336      0.199   1.689    0.091
TA.allowTRUE                   1.045      0.506   2.066    0.039
RdplSTRUE                      0.946      0.409   2.314    0.021
Sg.actorTRUE                   0.146      0.247   0.592    0.554
D.actorTRUE                   -0.010      0.296  -0.032    0.974
Prox.actorTRUE                -1.134      0.432  -2.624    0.009
actor.1TRUE                   -0.020      0.131  -0.152    0.879
actor.2TRUE                   -0.993      0.209  -4.750    0.000
goal.3TRUE                     0.600      0.589   1.019    0.308
goal.4TRUE                     0.949      0.588   1.614    0.107
goal.1TRUE                     1.060      0.590   1.797    0.072
goal.2TRUE                     0.072      0.605   0.118    0.906
Sg.goalTRUE                   -0.433      0.178  -2.435    0.015
NDA.Relations.goalTRUE         0.868      0.225   3.860    0.000
Prox.goalTRUE                 -0.272      0.253  -1.077    0.282
NA.beast.of.burden.goalTRUE    0.320      0.280   1.143    0.253
Pers.goalTRUE                  1.095      0.455   2.408    0.016
NA.food.goalTRUE               1.038      0.654   1.586    0.113
