                           Estimate Std. Error     z value     Pr(>|z|)
(Intercept)              0.59282088 0.09060935   6.5426013 6.045787e-11
PV.TimeTRUE             -3.11593336 0.19748717 -15.7779027 4.416200e-56
PV.PositionTRUE         -1.35910738 0.13764366  -9.8741010 5.391423e-23
PV.QualTRUE              0.52525627 0.19252429   2.7282597 6.366946e-03
PV.WantCanTRUE           0.47110509 0.36548531   1.2889850 1.974033e-01
AI.stateTRUE             0.17551015 0.07576339   2.3165562 2.052792e-02
AI.speechTRUE           -0.49191667 0.11057528  -4.4487039 8.639001e-06
AI.cookingTRUE           0.68113619 0.17461435   3.9008031 9.587411e-05
AI.healthTRUE            0.24452372 0.24667896   0.9912630 3.215572e-01
AI.prayTRUE              0.08367801 0.30604268   0.2734194 7.845308e-01
NA.persons.actorTRUE    -0.10966485 0.22736346  -0.4823328 6.295696e-01
Sg.actorTRUE            -0.44395160 0.21532107  -2.0618122 3.922562e-02
Pl.actorTRUE            -0.46543833 0.23374716  -1.9912042 4.645844e-02
NDA.Relations.actorTRUE  0.69504305 0.24522005   2.8343647 4.591690e-03
Dem.actorTRUE            0.02290063 0.19732661   0.1160544 9.076094e-01
Pers.actorTRUE           0.39668096 0.29966992   1.3237263 1.855940e-01
Indef.actorTRUE         -1.15879564 0.49206724  -2.3549539 1.852501e-02
actor.3TRUE              0.46038260 0.10250588   4.4912799 7.079643e-06
actor.1TRUE              0.42858987 0.10608666   4.0399977 5.345172e-05
actor.2TRUE             -0.85253255 0.16529760  -5.1575615 2.501867e-07
                        Estimate Std. Error z value Pr(>|z|)
(Intercept)                0.593      0.091   6.543    0.000
PV.TimeTRUE               -3.116      0.197 -15.778    0.000
PV.PositionTRUE           -1.359      0.138  -9.874    0.000
PV.QualTRUE                0.525      0.193   2.728    0.006
PV.WantCanTRUE             0.471      0.365   1.289    0.197
AI.stateTRUE               0.176      0.076   2.317    0.021
AI.speechTRUE             -0.492      0.111  -4.449    0.000
AI.cookingTRUE             0.681      0.175   3.901    0.000
AI.healthTRUE              0.245      0.247   0.991    0.322
AI.prayTRUE                0.084      0.306   0.273    0.785
NA.persons.actorTRUE      -0.110      0.227  -0.482    0.630
Sg.actorTRUE              -0.444      0.215  -2.062    0.039
Pl.actorTRUE              -0.465      0.234  -1.991    0.046
NDA.Relations.actorTRUE    0.695      0.245   2.834    0.005
Dem.actorTRUE              0.023      0.197   0.116    0.908
Pers.actorTRUE             0.397      0.300   1.324    0.186
Indef.actorTRUE           -1.159      0.492  -2.355    0.019
actor.3TRUE                0.460      0.103   4.491    0.000
actor.1TRUE                0.429      0.106   4.040    0.000
actor.2TRUE               -0.853      0.165  -5.158    0.000
