                      Estimate Std. Error    z value     Pr(>|z|)
(Intercept)         -0.2709362  0.2920069 -0.9278415 3.534898e-01
PV.TimeTRUE         -0.7935346  0.1806919 -4.3916449 1.124963e-05
PV.MoveTRUE         -0.7770898  0.2017438 -3.8518643 1.172220e-04
PV.PositionTRUE     -1.2576373  0.2535289 -4.9605284 7.030169e-07
PV.DiscourseTRUE    -1.5863347  0.3098776 -5.1192304 3.067850e-07
PV.QualTRUE         -0.4427083  0.2904927 -1.5239910 1.275109e-01
TA.speechTRUE        0.1558827  0.2877620  0.5417071 5.880203e-01
TA.doTRUE           -0.7189493  0.2928167 -2.4552876 1.407719e-02
TA.cognitiveTRUE    -0.4548334  0.2918793 -1.5582929 1.191638e-01
TA.foodTRUE         -1.5458407  0.4042206 -3.8242500 1.311708e-04
TA.money.countTRUE  -0.4619205  0.3863404 -1.1956310 2.318406e-01
Sg.actorTRUE        -0.3026408  0.1703608 -1.7764695 7.565556e-02
actor.1TRUE          0.6360278  0.1272773  4.9971808 5.817453e-07
actor.2TRUE          0.3542166  0.1721465  2.0576465 3.962408e-02
actor.4TRUE         -0.3972988  0.2066280 -1.9227735 5.450850e-02
goal.3TRUE          -0.1434480  0.1350631 -1.0620812 2.881988e-01
goal.4TRUE          -0.1052498  0.1213465 -0.8673495 3.857506e-01
goal.2TRUE          -0.7501219  0.1906469 -3.9346147 8.333028e-05
NA.persons.goalTRUE -0.5381359  0.1130148 -4.7616419 1.920242e-06
                    Estimate Std. Error z value Pr(>|z|)
(Intercept)           -0.271      0.292  -0.928    0.353
PV.TimeTRUE           -0.794      0.181  -4.392    0.000
PV.MoveTRUE           -0.777      0.202  -3.852    0.000
PV.PositionTRUE       -1.258      0.254  -4.961    0.000
PV.DiscourseTRUE      -1.586      0.310  -5.119    0.000
PV.QualTRUE           -0.443      0.290  -1.524    0.128
TA.speechTRUE          0.156      0.288   0.542    0.588
TA.doTRUE             -0.719      0.293  -2.455    0.014
TA.cognitiveTRUE      -0.455      0.292  -1.558    0.119
TA.foodTRUE           -1.546      0.404  -3.824    0.000
TA.money.countTRUE    -0.462      0.386  -1.196    0.232
Sg.actorTRUE          -0.303      0.170  -1.776    0.076
actor.1TRUE            0.636      0.127   4.997    0.000
actor.2TRUE            0.354      0.172   2.058    0.040
actor.4TRUE           -0.397      0.207  -1.923    0.055
goal.3TRUE            -0.143      0.135  -1.062    0.288
goal.4TRUE            -0.105      0.121  -0.867    0.386
goal.2TRUE            -0.750      0.191  -3.935    0.000
NA.persons.goalTRUE   -0.538      0.113  -4.762    0.000
