                        Estimate Std. Error    z value     Pr(>|z|)
(Intercept)          -0.88882919 0.14615408 -6.0814531 1.190982e-09
PV.MoveTRUE          -0.34315848 0.12278352 -2.7948252 5.192778e-03
PV.TimeTRUE          -0.79308432 0.14934615 -5.3103766 1.093989e-07
PV.PositionTRUE      -0.14873227 0.13321211 -1.1165071 2.642051e-01
PV.QualTRUE          -0.40069572 0.18027513 -2.2226899 2.623672e-02
PV.DiscourseTRUE     -1.06962617 0.23375996 -4.5757458 4.745265e-06
PV.StartFinTRUE      -0.15872094 0.17660946 -0.8987114 3.688064e-01
AI.doTRUE            -0.19960359 0.15132104 -1.3190735 1.871445e-01
AI.stateTRUE          0.05483032 0.15098287  0.3631559 7.164884e-01
AI.speechTRUE         1.78840685 0.15480065 11.5529671 7.131512e-31
AI.reflexiveTRUE     -0.44762789 0.20677492 -2.1648075 3.040243e-02
AI.cookingTRUE       -0.42565319 0.20573822 -2.0689067 3.855484e-02
AI.healthTRUE         0.08049745 0.24733246  0.3254625 7.448310e-01
AI.prayTRUE          -0.22580547 0.31762756 -0.7109127 4.771383e-01
RdplWTRUE            -0.35874056 0.20359530 -1.7620277 7.806462e-02
NA.persons.actorTRUE -0.33522118 0.11347939 -2.9540270 3.136566e-03
Pl.actorTRUE         -0.07263630 0.15995634 -0.4541008 6.497563e-01
Pers.actorTRUE        0.31865558 0.19039901  1.6736199 9.420532e-02
actor.1TRUE           0.07099753 0.06563483  1.0817051 2.793836e-01
actor.2TRUE          -0.07756350 0.13181611 -0.5884220 5.562491e-01
actor.4TRUE          -0.98413246 0.22912524 -4.2951726 1.745575e-05
                     Estimate Std. Error z value Pr(>|z|)
(Intercept)            -0.889      0.146  -6.081    0.000
PV.MoveTRUE            -0.343      0.123  -2.795    0.005
PV.TimeTRUE            -0.793      0.149  -5.310    0.000
PV.PositionTRUE        -0.149      0.133  -1.117    0.264
PV.QualTRUE            -0.401      0.180  -2.223    0.026
PV.DiscourseTRUE       -1.070      0.234  -4.576    0.000
PV.StartFinTRUE        -0.159      0.177  -0.899    0.369
AI.doTRUE              -0.200      0.151  -1.319    0.187
AI.stateTRUE            0.055      0.151   0.363    0.716
AI.speechTRUE           1.788      0.155  11.553    0.000
AI.reflexiveTRUE       -0.448      0.207  -2.165    0.030
AI.cookingTRUE         -0.426      0.206  -2.069    0.039
AI.healthTRUE           0.080      0.247   0.325    0.745
AI.prayTRUE            -0.226      0.318  -0.711    0.477
RdplWTRUE              -0.359      0.204  -1.762    0.078
NA.persons.actorTRUE   -0.335      0.113  -2.954    0.003
Pl.actorTRUE           -0.073      0.160  -0.454    0.650
Pers.actorTRUE          0.319      0.190   1.674    0.094
actor.1TRUE             0.071      0.066   1.082    0.279
actor.2TRUE            -0.078      0.132  -0.588    0.556
actor.4TRUE            -0.984      0.229  -4.295    0.000
