                               Estimate Std. Error     z value     Pr(>|z|)
(Intercept)                 -0.51893410  0.2281842 -2.27418914 2.295462e-02
PV.MoveTRUE                 -0.83499709  0.2189350 -3.81390475 1.367882e-04
PV.DiscourseTRUE            -1.60345952  0.3273558 -4.89821605 9.671066e-07
PV.PositionTRUE             -0.67561553  0.2888529 -2.33896080 1.933746e-02
PV.QualTRUE                 -0.58287721  0.3161780 -1.84350981 6.525461e-02
PV.TimeTRUE                  1.43967302  0.3211854  4.48237336 7.381745e-06
TA.speechTRUE                0.89519798  0.2278569  3.92877247 8.538057e-05
TA.doTRUE                   -0.43607045  0.2325820 -1.87491073 6.080501e-02
TA.cognitiveTRUE            -0.20237368  0.2311524 -0.87549890 3.813025e-01
TA.foodTRUE                 -1.35954723  0.3724554 -3.65022850 2.620071e-04
Sg.actorTRUE                -0.33528280  0.2306632 -1.45356024 1.460683e-01
D.actorTRUE                 -0.02685708  0.2766566 -0.09707730 9.226650e-01
Pers.actorTRUE               0.79598459  0.3045207  2.61389317 8.951702e-03
actor.1TRUE                  0.54998621  0.1453129  3.78484076 1.538070e-04
actor.4TRUE                 -0.49778580  0.2318457 -2.14705638 3.178879e-02
actor.2TRUE                  1.03564075  0.2114626  4.89751320 9.705711e-07
goal.3TRUE                   0.15833277  0.1431098  1.10637290 2.685652e-01
goal.4TRUE                  -0.04687720  0.1296439 -0.36158428 7.176627e-01
NA.persons.goalTRUE         -0.40774859  0.1271717 -3.20628315 1.344616e-03
NA.beast.of.burden.goalTRUE  0.01178857  0.2492669  0.04729298 9.622797e-01
                            Estimate Std. Error z value Pr(>|z|)
(Intercept)                   -0.519      0.228  -2.274    0.023
PV.MoveTRUE                   -0.835      0.219  -3.814    0.000
PV.DiscourseTRUE              -1.603      0.327  -4.898    0.000
PV.PositionTRUE               -0.676      0.289  -2.339    0.019
PV.QualTRUE                   -0.583      0.316  -1.844    0.065
PV.TimeTRUE                    1.440      0.321   4.482    0.000
TA.speechTRUE                  0.895      0.228   3.929    0.000
TA.doTRUE                     -0.436      0.233  -1.875    0.061
TA.cognitiveTRUE              -0.202      0.231  -0.875    0.381
TA.foodTRUE                   -1.360      0.372  -3.650    0.000
Sg.actorTRUE                  -0.335      0.231  -1.454    0.146
D.actorTRUE                   -0.027      0.277  -0.097    0.923
Pers.actorTRUE                 0.796      0.305   2.614    0.009
actor.1TRUE                    0.550      0.145   3.785    0.000
actor.4TRUE                   -0.498      0.232  -2.147    0.032
actor.2TRUE                    1.036      0.211   4.898    0.000
goal.3TRUE                     0.158      0.143   1.106    0.269
goal.4TRUE                    -0.047      0.130  -0.362    0.718
NA.persons.goalTRUE           -0.408      0.127  -3.206    0.001
NA.beast.of.burden.goalTRUE    0.012      0.249   0.047    0.962
