                           Estimate Std. Error    z value     Pr(>|z|)
(Intercept)             -1.46481075  0.1863701 -7.8596871 3.850941e-15
PV.MoveTRUE             -0.40999001  0.1295379 -3.1650198 1.550724e-03
PV.QualTRUE             -0.59971702  0.1886171 -3.1795467 1.475056e-03
PV.StartFinTRUE         -0.17532773  0.1881386 -0.9319073 3.513845e-01
PV.DiscourseTRUE        -1.10375116  0.2469083 -4.4702884 7.811418e-06
PV.TimeTRUE              1.48286736  0.2327422  6.3712882 1.874470e-10
AI.doTRUE               -0.19458552  0.1440299 -1.3510082 1.766928e-01
AI.stateTRUE            -0.04761253  0.1441301 -0.3303440 7.411400e-01
AI.speechTRUE            1.96181003  0.1542419 12.7190469 4.634787e-37
AI.cookingTRUE          -0.55610053  0.2050691 -2.7117709 6.692482e-03
AI.reflexiveTRUE        -0.51851485  0.2067701 -2.5076881 1.215239e-02
AI.pluralTRUE           -0.03048569  0.2680110 -0.1137479 9.094376e-01
RdplWTRUE               -0.40298582  0.2154476 -1.8704583 6.142020e-02
NA.persons.actorTRUE    -0.17790306  0.1026641 -1.7328647 8.311972e-02
Pl.actorTRUE            -0.07865135  0.1663604 -0.4727769 6.363724e-01
NDA.Relations.actorTRUE -0.28537009  0.1613034 -1.7691510 7.686867e-02
actor.3TRUE              1.02034640  0.1456980  7.0031604 2.502520e-12
actor.1TRUE              1.04318808  0.1485885  7.0206520 2.208353e-12
actor.2TRUE              1.64686223  0.2064269  7.9779437 1.487912e-15
actor.4TRUE              0.04867983  0.2743315  0.1774489 8.591558e-01
                        Estimate Std. Error z value Pr(>|z|)
(Intercept)               -1.465      0.186  -7.860    0.000
PV.MoveTRUE               -0.410      0.130  -3.165    0.002
PV.QualTRUE               -0.600      0.189  -3.180    0.001
PV.StartFinTRUE           -0.175      0.188  -0.932    0.351
PV.DiscourseTRUE          -1.104      0.247  -4.470    0.000
PV.TimeTRUE                1.483      0.233   6.371    0.000
AI.doTRUE                 -0.195      0.144  -1.351    0.177
AI.stateTRUE              -0.048      0.144  -0.330    0.741
AI.speechTRUE              1.962      0.154  12.719    0.000
AI.cookingTRUE            -0.556      0.205  -2.712    0.007
AI.reflexiveTRUE          -0.519      0.207  -2.508    0.012
AI.pluralTRUE             -0.030      0.268  -0.114    0.909
RdplWTRUE                 -0.403      0.215  -1.870    0.061
NA.persons.actorTRUE      -0.178      0.103  -1.733    0.083
Pl.actorTRUE              -0.079      0.166  -0.473    0.636
NDA.Relations.actorTRUE   -0.285      0.161  -1.769    0.077
actor.3TRUE                1.020      0.146   7.003    0.000
actor.1TRUE                1.043      0.149   7.021    0.000
actor.2TRUE                1.647      0.206   7.978    0.000
actor.4TRUE                0.049      0.274   0.177    0.859
