                               Estimate Std. Error    z value     Pr(>|z|)
(Intercept)                 -0.25350137  0.5934995 -0.4271299 6.692847e-01
PV.TimeTRUE                 -2.07407265  0.3134532 -6.6168497 3.669341e-11
PV.PositionTRUE             -2.48720768  0.4614388 -5.3901144 7.041286e-08
PV.DiscourseTRUE             0.40127272  0.2133748  1.8806005 6.002628e-02
TA.doTRUE                   -0.13185023  0.2049504 -0.6433275 5.200116e-01
TA.speechTRUE                0.50630059  0.2020007  2.5064296 1.219573e-02
TA.cognitiveTRUE            -0.37589823  0.2109347 -1.7820595 7.473953e-02
TA.allowTRUE                -0.88396006  0.5814907 -1.5201620 1.284703e-01
RdplSTRUE                   -1.35009588  0.5336836 -2.5297683 1.141379e-02
Sg.actorTRUE                -0.10951593  0.2545829 -0.4301778 6.670663e-01
D.actorTRUE                  0.06669495  0.3015665  0.2211616 8.249666e-01
Prox.actorTRUE               1.07177951  0.4377572  2.4483421 1.435153e-02
actor.1TRUE                  0.25550267  0.1385060  1.8447048 6.508049e-02
actor.2TRUE                  0.61475637  0.2116097  2.9051430 3.670853e-03
goal.3TRUE                  -0.65865583  0.5784341 -1.1386877 2.548334e-01
goal.4TRUE                  -0.85697167  0.5778926 -1.4829255 1.380942e-01
goal.1TRUE                  -0.82255954  0.5788483 -1.4210277 1.553087e-01
goal.2TRUE                  -0.15866494  0.5945212 -0.2668785 7.895627e-01
Sg.goalTRUE                  0.40722654  0.1832878  2.2217874 2.629768e-02
NDA.Relations.goalTRUE      -0.83896418  0.2434987 -3.4454570 5.700947e-04
Prox.goalTRUE                0.36846258  0.2571702  1.4327577 1.519271e-01
NA.beast.of.burden.goalTRUE -0.44664581  0.3129395 -1.4272591 1.535052e-01
Pers.goalTRUE               -0.98409039  0.4977270 -1.9771689 4.802254e-02
NA.food.goalTRUE            -1.19473706  0.7532881 -1.5860293 1.127327e-01
                            Estimate Std. Error z value Pr(>|z|)
(Intercept)                   -0.254      0.593  -0.427    0.669
PV.TimeTRUE                   -2.074      0.313  -6.617    0.000
PV.PositionTRUE               -2.487      0.461  -5.390    0.000
PV.DiscourseTRUE               0.401      0.213   1.881    0.060
TA.doTRUE                     -0.132      0.205  -0.643    0.520
TA.speechTRUE                  0.506      0.202   2.506    0.012
TA.cognitiveTRUE              -0.376      0.211  -1.782    0.075
TA.allowTRUE                  -0.884      0.581  -1.520    0.128
RdplSTRUE                     -1.350      0.534  -2.530    0.011
Sg.actorTRUE                  -0.110      0.255  -0.430    0.667
D.actorTRUE                    0.067      0.302   0.221    0.825
Prox.actorTRUE                 1.072      0.438   2.448    0.014
actor.1TRUE                    0.256      0.139   1.845    0.065
actor.2TRUE                    0.615      0.212   2.905    0.004
goal.3TRUE                    -0.659      0.578  -1.139    0.255
goal.4TRUE                    -0.857      0.578  -1.483    0.138
goal.1TRUE                    -0.823      0.579  -1.421    0.155
goal.2TRUE                    -0.159      0.595  -0.267    0.790
Sg.goalTRUE                    0.407      0.183   2.222    0.026
NDA.Relations.goalTRUE        -0.839      0.243  -3.445    0.001
Prox.goalTRUE                  0.368      0.257   1.433    0.152
NA.beast.of.burden.goalTRUE   -0.447      0.313  -1.427    0.154
Pers.goalTRUE                 -0.984      0.498  -1.977    0.048
NA.food.goalTRUE              -1.195      0.753  -1.586    0.113
