                              Estimate Std. Error       z value     Pr(>|z|)
(Intercept)               -1.599826591  0.1219072 -13.123319299 2.420943e-39
PV.TimeTRUE               -1.954173924  0.2942753  -6.640631079 3.123429e-11
PV.PositionTRUE           -3.396518319  0.7183451  -4.728254463 2.264583e-06
PV.DiscourseTRUE           0.216249141  0.2681066   0.806579005 4.199091e-01
PV.QualTRUE               -0.820281210  0.4126235  -1.987965202 4.681554e-02
PV.WantCanTRUE             1.165412985  0.3249103   3.586876383 3.346629e-04
TI.cognitiveTRUE           0.005933531  0.1330264   0.044604167 9.644228e-01
TI.speechTRUE              0.885338850  0.1790712   4.944059558 7.651231e-07
NA.persons.actorTRUE       0.001036001  0.2241710   0.004621477 9.963126e-01
Sg.actorTRUE               0.921199343  0.2565064   3.591330187 3.289945e-04
Dem.actorTRUE              0.979326964  0.4059574   2.412388263 1.584839e-02
actor.3TRUE               -0.245800066  0.1241072  -1.980546879 4.764211e-02
actor.2TRUE                0.212886691  0.2400650   0.886787745 3.751932e-01
goal.3TRUE                 0.668864678  0.4748503   1.408580210 1.589593e-01
Sg.goalTRUE                0.506755519  0.2377783   2.131210489 3.307181e-02
NI.object.goalTRUE        -0.013363778  0.2413483  -0.055371338 9.558426e-01
Pl.goalTRUE                0.263173362  0.2737914   0.961218396 3.364424e-01
Prox.goalTRUE              0.446995465  0.2124056   2.104442865 3.533983e-02
NI.nominal.goalTRUE        0.392000423  0.3060890   1.280674527 2.003080e-01
NI.natural.force.goalTRUE -0.456296543  0.4297775  -1.061704232 2.883700e-01
                          Estimate Std. Error z value Pr(>|z|)
(Intercept)                 -1.600      0.122 -13.123    0.000
PV.TimeTRUE                 -1.954      0.294  -6.641    0.000
PV.PositionTRUE             -3.397      0.718  -4.728    0.000
PV.DiscourseTRUE             0.216      0.268   0.807    0.420
PV.QualTRUE                 -0.820      0.413  -1.988    0.047
PV.WantCanTRUE               1.165      0.325   3.587    0.000
TI.cognitiveTRUE             0.006      0.133   0.045    0.964
TI.speechTRUE                0.885      0.179   4.944    0.000
NA.persons.actorTRUE         0.001      0.224   0.005    0.996
Sg.actorTRUE                 0.921      0.257   3.591    0.000
Dem.actorTRUE                0.979      0.406   2.412    0.016
actor.3TRUE                 -0.246      0.124  -1.981    0.048
actor.2TRUE                  0.213      0.240   0.887    0.375
goal.3TRUE                   0.669      0.475   1.409    0.159
Sg.goalTRUE                  0.507      0.238   2.131    0.033
NI.object.goalTRUE          -0.013      0.241  -0.055    0.956
Pl.goalTRUE                  0.263      0.274   0.961    0.336
Prox.goalTRUE                0.447      0.212   2.104    0.035
NI.nominal.goalTRUE          0.392      0.306   1.281    0.200
NI.natural.force.goalTRUE   -0.456      0.430  -1.062    0.288
