                           Estimate Std. Error    z value     Pr(>|z|)
(Intercept)             -0.69243037 0.09288333 -7.4548400 8.997697e-14
PV.TimeTRUE             -0.54144935 0.15794769 -3.4280295 6.079793e-04
PV.PositionTRUE         -2.05094228 0.30011444 -6.8338674 8.265543e-12
PV.QualTRUE             -0.52066063 0.19986615 -2.6050466 9.186176e-03
PV.WantCanTRUE          -1.16405357 0.53547451 -2.1738730 2.971468e-02
AI.stateTRUE            -0.08474631 0.07768757 -1.0908606 2.753342e-01
AI.speechTRUE            0.51188769 0.10990827  4.6574083 3.202150e-06
AI.cookingTRUE          -0.74505386 0.19846672 -3.7540494 1.740005e-04
AI.healthTRUE           -0.31220468 0.26474131 -1.1792821 2.382859e-01
AI.prayTRUE             -0.54290079 0.34084183 -1.5928232 1.111999e-01
NA.persons.actorTRUE     0.10650236 0.22649675  0.4702158 6.382008e-01
Sg.actorTRUE             0.58873091 0.21480557  2.7407618 6.129692e-03
Pl.actorTRUE             0.57468674 0.23472814  2.4483078 1.435290e-02
NDA.Relations.actorTRUE -0.80383272 0.25122435 -3.1996608 1.375894e-03
Dem.actorTRUE           -0.05983498 0.19699697 -0.3037355 7.613294e-01
Pers.actorTRUE          -0.29011573 0.30115499 -0.9633436 3.353751e-01
Indef.actorTRUE          0.52628220 0.45631994  1.1533184 2.487797e-01
actor.3TRUE             -0.47697646 0.10585584 -4.5059059 6.609036e-06
actor.1TRUE             -0.38767763 0.10934810 -3.5453531 3.920874e-04
actor.2TRUE              0.34371469 0.16165267  2.1262544 3.348209e-02
                        Estimate Std. Error z value Pr(>|z|)
(Intercept)               -0.692      0.093  -7.455    0.000
PV.TimeTRUE               -0.541      0.158  -3.428    0.001
PV.PositionTRUE           -2.051      0.300  -6.834    0.000
PV.QualTRUE               -0.521      0.200  -2.605    0.009
PV.WantCanTRUE            -1.164      0.535  -2.174    0.030
AI.stateTRUE              -0.085      0.078  -1.091    0.275
AI.speechTRUE              0.512      0.110   4.657    0.000
AI.cookingTRUE            -0.745      0.198  -3.754    0.000
AI.healthTRUE             -0.312      0.265  -1.179    0.238
AI.prayTRUE               -0.543      0.341  -1.593    0.111
NA.persons.actorTRUE       0.107      0.226   0.470    0.638
Sg.actorTRUE               0.589      0.215   2.741    0.006
Pl.actorTRUE               0.575      0.235   2.448    0.014
NDA.Relations.actorTRUE   -0.804      0.251  -3.200    0.001
Dem.actorTRUE             -0.060      0.197  -0.304    0.761
Pers.actorTRUE            -0.290      0.301  -0.963    0.335
Indef.actorTRUE            0.526      0.456   1.153    0.249
actor.3TRUE               -0.477      0.106  -4.506    0.000
actor.1TRUE               -0.388      0.109  -3.545    0.000
actor.2TRUE                0.344      0.162   2.126    0.033
