                           Estimate Std. Error     z value      Pr(>|z|)
(Intercept)             -3.81168291  0.2227864 -17.1091373  1.268645e-65
PV.TimeTRUE              4.92982472  0.1854777  26.5790643 1.185344e-155
PV.PositionTRUE          4.35550717  0.1860744  23.4073429 3.597674e-121
PV.QualTRUE             -0.10265231  0.4559010  -0.2251636  8.218520e-01
PV.WantCanTRUE           0.61527176  0.5141604   1.1966533  2.314417e-01
AI.stateTRUE            -0.47962095  0.1725147  -2.7801747  5.432966e-03
AI.speechTRUE           -0.16410430  0.2793024  -0.5875507  5.568339e-01
AI.cookingTRUE          -0.18839164  0.2973626  -0.6335418  5.263799e-01
AI.healthTRUE            0.09900985  0.4352481   0.2274791  8.200512e-01
AI.prayTRUE              1.19401336  0.5212677   2.2905954  2.198683e-02
NA.persons.actorTRUE    -0.06542701  0.5744376  -0.1138975  9.093190e-01
Sg.actorTRUE            -0.73646038  0.5320906  -1.3840883  1.663314e-01
Pl.actorTRUE            -0.52552056  0.6293334  -0.8350432  4.036934e-01
NDA.Relations.actorTRUE  0.37064792  0.6070994   0.6105226  5.415157e-01
Pers.actorTRUE          -0.61864583  0.7667427  -0.8068493  4.197533e-01
Prox.actorTRUE          -0.63183927  0.9407661  -0.6716220  5.018243e-01
Indef.actorTRUE          2.24969255  0.8133901   2.7658225  5.677942e-03
actor.3TRUE             -0.15060972  0.2321203  -0.6488435  5.164396e-01
actor.1TRUE             -0.38013915  0.2359124  -1.6113573  1.071019e-01
actor.2TRUE              1.39212645  0.3055934   4.5554866  5.226445e-06
                        Estimate Std. Error z value Pr(>|z|)
(Intercept)               -3.812      0.223 -17.109    0.000
PV.TimeTRUE                4.930      0.185  26.579    0.000
PV.PositionTRUE            4.356      0.186  23.407    0.000
PV.QualTRUE               -0.103      0.456  -0.225    0.822
PV.WantCanTRUE             0.615      0.514   1.197    0.231
AI.stateTRUE              -0.480      0.173  -2.780    0.005
AI.speechTRUE             -0.164      0.279  -0.588    0.557
AI.cookingTRUE            -0.188      0.297  -0.634    0.526
AI.healthTRUE              0.099      0.435   0.227    0.820
AI.prayTRUE                1.194      0.521   2.291    0.022
NA.persons.actorTRUE      -0.065      0.574  -0.114    0.909
Sg.actorTRUE              -0.736      0.532  -1.384    0.166
Pl.actorTRUE              -0.526      0.629  -0.835    0.404
NDA.Relations.actorTRUE    0.371      0.607   0.611    0.542
Pers.actorTRUE            -0.619      0.767  -0.807    0.420
Prox.actorTRUE            -0.632      0.941  -0.672    0.502
Indef.actorTRUE            2.250      0.813   2.766    0.006
actor.3TRUE               -0.151      0.232  -0.649    0.516
actor.1TRUE               -0.380      0.236  -1.611    0.107
actor.2TRUE                1.392      0.306   4.555    0.000
