                                Estimate Std. Error     z value     Pr(>|z|)
(Intercept)                 -3.820644499  1.5294770 -2.49800714 1.248937e-02
PV.TimeTRUE                  5.833049652  0.2986221 19.53321339 5.731680e-85
PV.PositionTRUE              4.631489659  0.2663368 17.38959399 9.893256e-68
PV.DiscourseTRUE            -0.678031265  0.8302562 -0.81665309 4.141267e-01
TA.doTRUE                    0.045722082  0.4384033  0.10429228 9.169374e-01
TA.speechTRUE                0.484901759  0.4478415  1.08275317 2.789180e-01
TA.cognitiveTRUE            -0.007361983  0.4413462 -0.01668074 9.866913e-01
TA.allowTRUE                -0.855249696  0.9509739 -0.89934091 3.684711e-01
RdplSTRUE                    0.459415831  0.7222062  0.63612833 5.246928e-01
Sg.actorTRUE                -0.555604406  0.6883321 -0.80717494 4.195657e-01
D.actorTRUE                 -0.315888813  0.8936936 -0.35346432 7.237404e-01
Prox.actorTRUE               0.225729004  1.4356220  0.15723428 8.750602e-01
actor.1TRUE                 -0.884216891  0.2854912 -3.09717712 1.953731e-03
actor.2TRUE                  1.322642572  0.3930267  3.36527383 7.646773e-04
goal.3TRUE                   0.187011875  1.4922124  0.12532524 9.002661e-01
goal.4TRUE                  -0.384094147  1.4931692 -0.25723417 7.969980e-01
goal.1TRUE                  -1.201002170  1.4999990 -0.80066862 4.233235e-01
goal.2TRUE                   0.486591200  1.5264429  0.31877458 7.498975e-01
Sg.goalTRUE                  0.265186699  0.3846179  0.68948098 4.905206e-01
NDA.Relations.goalTRUE      -0.712453369  0.4728444 -1.50673951 1.318774e-01
Dem.goalTRUE                -0.592956242  0.4671929 -1.26918922 2.043736e-01
NA.beast.of.burden.goalTRUE  0.245080457  0.5750489  0.42619063 6.699689e-01
Pers.goalTRUE               -1.063112105  0.9456757 -1.12418252 2.609356e-01
NA.food.goalTRUE             0.055873107  1.3014443  0.04293162 9.657560e-01
                            Estimate Std. Error z value Pr(>|z|)
(Intercept)                   -3.821      1.529  -2.498    0.012
PV.TimeTRUE                    5.833      0.299  19.533    0.000
PV.PositionTRUE                4.631      0.266  17.390    0.000
PV.DiscourseTRUE              -0.678      0.830  -0.817    0.414
TA.doTRUE                      0.046      0.438   0.104    0.917
TA.speechTRUE                  0.485      0.448   1.083    0.279
TA.cognitiveTRUE              -0.007      0.441  -0.017    0.987
TA.allowTRUE                  -0.855      0.951  -0.899    0.368
RdplSTRUE                      0.459      0.722   0.636    0.525
Sg.actorTRUE                  -0.556      0.688  -0.807    0.420
D.actorTRUE                   -0.316      0.894  -0.353    0.724
Prox.actorTRUE                 0.226      1.436   0.157    0.875
actor.1TRUE                   -0.884      0.285  -3.097    0.002
actor.2TRUE                    1.323      0.393   3.365    0.001
goal.3TRUE                     0.187      1.492   0.125    0.900
goal.4TRUE                    -0.384      1.493  -0.257    0.797
goal.1TRUE                    -1.201      1.500  -0.801    0.423
goal.2TRUE                     0.487      1.526   0.319    0.750
Sg.goalTRUE                    0.265      0.385   0.689    0.491
NDA.Relations.goalTRUE        -0.712      0.473  -1.507    0.132
Dem.goalTRUE                  -0.593      0.467  -1.269    0.204
NA.beast.of.burden.goalTRUE    0.245      0.575   0.426    0.670
Pers.goalTRUE                 -1.063      0.946  -1.124    0.261
NA.food.goalTRUE               0.056      1.301   0.043    0.966
