                    Estimate Std. Error    z value     Pr(>|z|)
(Intercept)       0.41690598  0.7249832  0.5750560 5.652534e-01
PV.DiscourseTRUE  1.35931179  0.3824897  3.5538522 3.796325e-04
PV.PositionTRUE   1.77520074  0.6218115  2.8548857 4.305231e-03
TA.cognitiveTRUE -0.06418230  0.1918966 -0.3344629 7.380303e-01
TA.speechTRUE    -0.39154623  0.2463341 -1.5894924 1.119493e-01
Prox.actorTRUE   -0.93757687  0.4071579 -2.3027356 2.129373e-02
actor.1TRUE       0.43203185  0.1606034  2.6900538 7.144050e-03
actor.2TRUE      -1.59484999  0.2920849 -5.4602268 4.755268e-08
goal.3TRUE        0.34735625  0.7326623  0.4741015 6.354276e-01
goal.4TRUE        1.00736022  0.7286892  1.3824278 1.668404e-01
goal.1TRUE        1.05745590  0.7346992  1.4393045 1.500643e-01
goal.2TRUE        0.08015556  0.7521147  0.1065736 9.151273e-01
Sg.goalTRUE      -0.46026640  0.2226999 -2.0667566 3.875709e-02
Px1Sg.goalTRUE    0.69483781  0.3521401  1.9731859 4.847439e-02
Prox.goalTRUE    -0.36590615  0.3144704 -1.1635631 2.446011e-01
                 Estimate Std. Error z value Pr(>|z|)
(Intercept)         0.417      0.725   0.575    0.565
PV.DiscourseTRUE    1.359      0.382   3.554    0.000
PV.PositionTRUE     1.775      0.622   2.855    0.004
TA.cognitiveTRUE   -0.064      0.192  -0.334    0.738
TA.speechTRUE      -0.392      0.246  -1.589    0.112
Prox.actorTRUE     -0.938      0.407  -2.303    0.021
actor.1TRUE         0.432      0.161   2.690    0.007
actor.2TRUE        -1.595      0.292  -5.460    0.000
goal.3TRUE          0.347      0.733   0.474    0.635
goal.4TRUE          1.007      0.729   1.382    0.167
goal.1TRUE          1.057      0.735   1.439    0.150
goal.2TRUE          0.080      0.752   0.107    0.915
Sg.goalTRUE        -0.460      0.223  -2.067    0.039
Px1Sg.goalTRUE      0.695      0.352   1.973    0.048
Prox.goalTRUE      -0.366      0.314  -1.164    0.245
