                            Estimate Std. Error     z value     Pr(>|z|)
(Intercept)             -1.342432155  0.1424597 -9.42324045 4.373770e-21
PV.QualTRUE             -0.118098714  0.2534774 -0.46591420 6.412769e-01
PV.DiscourseTRUE        -0.719052582  0.3177164 -2.26318987 2.362399e-02
PV.PositionTRUE         -0.985185099  0.3990395 -2.46889107 1.355325e-02
PV.WantCanTRUE          -1.226574311  0.6193780 -1.98033240 4.766619e-02
AI.doTRUE                0.194715191  0.1267991  1.53561992 1.246316e-01
AI.cookingTRUE          -0.461091068  0.3183384 -1.44843048 1.474967e-01
AI.healthTRUE           -0.009645129  0.3956500 -0.02437793 9.805512e-01
RdplWTRUE               -0.431342714  0.3073127 -1.40359527 1.604394e-01
NA.persons.actorTRUE     0.379099094  0.1847088  2.05241509 4.012934e-02
Sg.actorTRUE             0.633037085  0.2168049  2.91984704 3.502032e-03
Pl.actorTRUE             0.577841674  0.2383458  2.42438325 1.533441e-02
NDA.Relations.actorTRUE -0.177619762  0.2625659 -0.67647690 4.987379e-01
actor.3TRUE             -0.652970019  0.1363670 -4.78832706 1.681774e-06
actor.1TRUE             -0.553391639  0.1424047 -3.88604893 1.018890e-04
actor.2TRUE              0.078705719  0.2110471  0.37292957 7.092009e-01
                        Estimate Std. Error z value Pr(>|z|)
(Intercept)               -1.342      0.142  -9.423    0.000
PV.QualTRUE               -0.118      0.253  -0.466    0.641
PV.DiscourseTRUE          -0.719      0.318  -2.263    0.024
PV.PositionTRUE           -0.985      0.399  -2.469    0.014
PV.WantCanTRUE            -1.227      0.619  -1.980    0.048
AI.doTRUE                  0.195      0.127   1.536    0.125
AI.cookingTRUE            -0.461      0.318  -1.448    0.147
AI.healthTRUE             -0.010      0.396  -0.024    0.981
RdplWTRUE                 -0.431      0.307  -1.404    0.160
NA.persons.actorTRUE       0.379      0.185   2.052    0.040
Sg.actorTRUE               0.633      0.217   2.920    0.004
Pl.actorTRUE               0.578      0.238   2.424    0.015
NDA.Relations.actorTRUE   -0.178      0.263  -0.676    0.499
actor.3TRUE               -0.653      0.136  -4.788    0.000
actor.1TRUE               -0.553      0.142  -3.886    0.000
actor.2TRUE                0.079      0.211   0.373    0.709
