                     Estimate Std. Error    z value    Pr(>|z|)
(Intercept)      -0.897498605  0.7618117 -1.1781108 0.238752437
PV.DiscourseTRUE -0.659930978  0.3918524 -1.6841315 0.092156251
PV.PositionTRUE  -1.458620191  0.7441661 -1.9600735 0.049987198
TA.cognitiveTRUE -0.428231095  0.2163061 -1.9797462 0.047732050
TA.speechTRUE    -0.002666453  0.2618944 -0.0101814 0.991876555
Prox.actorTRUE    1.323541506  0.4104433  3.2246634 0.001261209
actor.1TRUE      -0.054187713  0.1787322 -0.3031782 0.761754043
actor.2TRUE       0.127928523  0.3065580  0.4173062 0.676454487
goal.3TRUE       -0.658815617  0.7699612 -0.8556478 0.392192626
goal.4TRUE       -1.031109602  0.7648207 -1.3481717 0.177603179
goal.1TRUE       -0.813117241  0.7707361 -1.0549878 0.291430889
goal.2TRUE       -0.377675887  0.7927829 -0.4763926 0.633794711
Sg.goalTRUE       0.585116955  0.2324957  2.5166782 0.011846699
Px1Sg.goalTRUE   -0.332488653  0.3599389 -0.9237364 0.355623566
Prox.goalTRUE     0.321143015  0.3276777  0.9800577 0.327057644
                 Estimate Std. Error z value Pr(>|z|)
(Intercept)        -0.897      0.762  -1.178    0.239
PV.DiscourseTRUE   -0.660      0.392  -1.684    0.092
PV.PositionTRUE    -1.459      0.744  -1.960    0.050
TA.cognitiveTRUE   -0.428      0.216  -1.980    0.048
TA.speechTRUE      -0.003      0.262  -0.010    0.992
Prox.actorTRUE      1.324      0.410   3.225    0.001
actor.1TRUE        -0.054      0.179  -0.303    0.762
actor.2TRUE         0.128      0.307   0.417    0.676
goal.3TRUE         -0.659      0.770  -0.856    0.392
goal.4TRUE         -1.031      0.765  -1.348    0.178
goal.1TRUE         -0.813      0.771  -1.055    0.291
goal.2TRUE         -0.378      0.793  -0.476    0.634
Sg.goalTRUE         0.585      0.232   2.517    0.012
Px1Sg.goalTRUE     -0.332      0.360  -0.924    0.356
Prox.goalTRUE       0.321      0.328   0.980    0.327
