                    Estimate Std. Error    z value     Pr(>|z|)
(Intercept)      -2.60121858  1.1351583 -2.2915029 2.193434e-02
PV.DiscourseTRUE -2.46325949  1.0422994 -2.3632935 1.811332e-02
PV.PositionTRUE  -1.67705557  1.0465568 -1.6024507 1.090560e-01
TA.cognitiveTRUE  0.66746250  0.2758778  2.4194135 1.554556e-02
TA.speechTRUE     0.68742910  0.3645842  1.8855152 5.936032e-02
Prox.actorTRUE   -1.07838092  1.0622656 -1.0151707 3.100245e-01
actor.1TRUE      -0.75112912  0.2365676 -3.1751146 1.497773e-03
actor.2TRUE       1.82874549  0.3172883  5.7636720 8.230329e-09
goal.3TRUE        0.38410460  1.1411384  0.3365977 7.364202e-01
goal.4TRUE       -0.34041535  1.1379054 -0.2991596 7.648183e-01
goal.1TRUE       -0.90156736  1.1546146 -0.7808384 4.348976e-01
goal.2TRUE        0.48493287  1.1626393  0.4170966 6.766078e-01
Sg.goalTRUE      -0.09861219  0.3324999 -0.2965781 7.667886e-01
Px1Sg.goalTRUE   -1.95113466  1.0575385 -1.8449774 6.504083e-02
Prox.goalTRUE     0.23701244  0.4851588  0.4885255 6.251777e-01
                 Estimate Std. Error z value Pr(>|z|)
(Intercept)        -2.601      1.135  -2.292    0.022
PV.DiscourseTRUE   -2.463      1.042  -2.363    0.018
PV.PositionTRUE    -1.677      1.047  -1.602    0.109
TA.cognitiveTRUE    0.667      0.276   2.419    0.016
TA.speechTRUE       0.687      0.365   1.886    0.059
Prox.actorTRUE     -1.078      1.062  -1.015    0.310
actor.1TRUE        -0.751      0.237  -3.175    0.001
actor.2TRUE         1.829      0.317   5.764    0.000
goal.3TRUE          0.384      1.141   0.337    0.736
goal.4TRUE         -0.340      1.138  -0.299    0.765
goal.1TRUE         -0.902      1.155  -0.781    0.435
goal.2TRUE          0.485      1.163   0.417    0.677
Sg.goalTRUE        -0.099      0.332  -0.297    0.767
Px1Sg.goalTRUE     -1.951      1.058  -1.845    0.065
Prox.goalTRUE       0.237      0.485   0.489    0.625
