                            Estimate Std. Error    z value     Pr(>|z|)
(Intercept)                1.1634109  0.1305694  8.9102863 5.090095e-19
FutTRUE                   -1.0649515  0.2184883 -4.8741819 1.092603e-06
PV.PositionTRUE           -1.4885729  0.1793739 -8.2987163 1.052424e-16
PV.QualTRUE                0.7474135  0.3571506  2.0927126 3.637482e-02
PV.WantCanTRUE            -1.1588136  0.3398657 -3.4096221 6.505294e-04
TI.speechTRUE             -1.1531192  0.2764566 -4.1710673 3.031763e-05
Sg.actorTRUE              -0.6981537  0.2488659 -2.8053408 5.026341e-03
Dem.actorTRUE             -1.1038458  0.4138949 -2.6669714 7.653819e-03
actor.2TRUE               -1.0941262  0.2059446 -5.3127222 1.079996e-07
goal.3TRUE                -1.0372829  0.4506265 -2.3018683 2.134260e-02
Prox.goalTRUE             -0.7418906  0.2124872 -3.4914608 4.803870e-04
NI.nominal.goalTRUE       -0.5479031  0.2835928 -1.9320063 5.335873e-02
