                           Estimate Std. Error     z value     Pr(>|z|)
(Intercept)              0.67352470  0.1105002  6.09523337 1.092779e-09
FutTRUE                 -1.43163283  0.1609519 -8.89478639 5.853178e-19
PV.PositionTRUE         -1.39295822  0.1495634 -9.31349371 1.236952e-20
PV.QualTRUE              0.48438379  0.1976654  2.45052405 1.426484e-02
AI.cookingTRUE           0.61165336  0.2522256  2.42502520 1.530732e-02
Sg.actorTRUE            -0.57786218  0.2283720 -2.53035516 1.139471e-02
Pl.actorTRUE            -0.57532386  0.2496868 -2.30418201 2.121243e-02
NDA.Relations.actorTRUE  0.97187543  0.2590864  3.75116309 1.760162e-04
Prox.actorTRUE          -0.41509893  0.2513222 -1.65166022 9.860384e-02
Indef.actorTRUE         -1.25410044  0.5141704 -2.43907533 1.472490e-02
actor.3TRUE              0.45868019  0.1092303  4.19920443 2.678544e-05
actor.1TRUE              0.37136274  0.1134092  3.27453896 1.058345e-03
actor.2TRUE             -1.15497210  0.1747617 -6.60883824 3.873477e-11
