                            Estimate Std. Error    z value     Pr(>|z|)
(Intercept)               -1.5828521  0.1119321 -14.141182 2.116985e-45
FutTRUE                    0.5902570  0.1637032   3.605653 3.113685e-04
PV.DiscourseTRUE          -1.9423086  0.3695908  -5.255294 1.477882e-07
PV.QualTRUE               -0.8495967  0.3275800  -2.593554 9.498953e-03
TI.cognitiveTRUE           0.7984277  0.1603543   4.979146 6.386534e-07
Pron.actorTRUE             0.5170037  0.1593482   3.244490 1.176609e-03
actor.1TRUE                0.7147279  0.0929996   7.685280 1.526628e-14
actor.2TRUE                1.0764381  0.1481819   7.264304 3.749649e-13
actor.4TRUE               -1.8292896  0.6006729  -3.045400 2.323708e-03
NI.object.goalTRUE        -0.9598604  0.4325221  -2.219217 2.647195e-02
NI.nominal.goalTRUE       -1.2215015  0.4724064  -2.585701 9.718125e-03
NI.nature.plants.goalTRUE -1.1322765  0.5476801  -2.067405 3.869602e-02
NI.place.goalTRUE         -1.6005575  0.5803617  -2.757862 5.818071e-03
NDI.Body.goalTRUE         -2.0755031  0.8781717  -2.363437 1.810633e-02
