                                Estimate Std. Error     z value     Pr(>|z|)
(Intercept)                 -0.654112776  0.3770484 -1.73482427 8.277194e-02
PV.MoveTRUE                 -0.587001528  0.2302459 -2.54945534 1.078913e-02
PV.DiscourseTRUE            -1.435869406  0.3513866 -4.08629501 4.383164e-05
PV.PositionTRUE             -0.548687484  0.3022708 -1.81521802 6.949041e-02
FutTRUE                      1.206046147  0.2199691  5.48279747 4.186522e-08
TA.foodTRUE                 -1.745857754  0.5995650 -2.91187424 3.592672e-03
Sg.actorTRUE                -0.477208836  0.2514290 -1.89798614 5.769791e-02
Pers.actorTRUE               0.965229085  0.3333007  2.89597115 3.779871e-03
actor.1TRUE                  0.546681447  0.1633837  3.34599690 8.198731e-04
actor.4TRUE                 -0.668527510  0.2541622 -2.63031818 8.530499e-03
actor.2TRUE                  1.130368004  0.2352115  4.80575218 1.541708e-06
NA.persons.goalTRUE         -0.259470399  0.1382179 -1.87725554 6.048308e-02

