                           Estimate Std. Error    z value     Pr(>|z|)
(Intercept)             -0.91645128  0.1201938 -7.6247769 2.444567e-14
FutTRUE                 -0.61567328  0.1893665 -3.2512255 1.149087e-03
PV.PositionTRUE         -2.15315995  0.3089766 -6.9686824 3.199231e-12
PV.QualTRUE             -0.47435409  0.2157960 -2.1981597 2.793773e-02
PV.WantCanTRUE          -1.23463793  0.5495140 -2.2467817 2.465398e-02
AI.cookingTRUE          -0.89354642  0.2962892 -3.0157911 2.563098e-03
Sg.actorTRUE             0.67220422  0.2400919  2.7997786 5.113767e-03
Pl.actorTRUE             0.70685900  0.2632024  2.6856103 7.239747e-03
NDA.Relations.actorTRUE -0.92548472  0.2744327 -3.3723559 7.452808e-04
actor.3TRUE             -0.53082078  0.1181268 -4.4936509 7.001236e-06
actor.1TRUE             -0.37922986  0.1228202 -3.0876838 2.017230e-03
actor.2TRUE              0.39505468  0.1790369  2.2065539 2.734524e-02
