                          Estimate Std. Error     z value     Pr(>|z|)
(Intercept)            -0.54973485  0.5083385 -1.08143469 2.795038e-01
PV.TimeTRUE            -0.58359050  0.1856031 -3.14429290 1.664887e-03
PV.MoveTRUE            -0.53386163  0.2095099 -2.54814480 1.082975e-02
PV.PositionTRUE        -1.20147413  0.2593851 -4.63200842 3.621354e-06
PV.DiscourseTRUE       -1.30126423  0.3220723 -4.04028670 5.338590e-05
PV.StartFinWantCanTRUE  0.01076054  0.2487154  0.04326449 9.654907e-01
PV.QualTRUE            -0.33796725  0.3041021 -1.11136110 2.664129e-01
TA.speechTRUE          -0.28365158  0.5442338 -0.52119437 6.022314e-01
TA.doTRUE              -0.62403347  0.5218959 -1.19570494 2.318117e-01
TA.cognitiveTRUE       -0.26652222  0.5232379 -0.50937104 6.104922e-01
TA.foodTRUE            -1.50961496  0.6684721 -2.25830658 2.392655e-02
TA.money.countTRUE     -0.33574605  0.6635195 -0.50600778 6.128512e-01
NA.persons.goalTRUE    -0.39933823  0.1161945 -3.43680924 5.886100e-04
