                        Estimate Std. Error     z value     Pr(>|z|)
(Intercept)          -1.48168494 0.26209469 -5.65324296 1.574485e-08
PV.MoveTRUE          -0.21619240 0.13473931 -1.60452360 1.085987e-01
PV.TimeTRUE          -0.59259659 0.15534969 -3.81459780 1.364049e-04
PV.PositionTRUE      -0.10682336 0.14338497 -0.74501081 4.562652e-01
PV.QualTRUE          -0.31188461 0.19461033 -1.60261075 1.090206e-01
PV.DiscourseTRUE     -0.92633949 0.24399916 -3.79648641 1.467614e-04
PV.StartFinTRUE       0.01297636 0.19010173  0.06826008 9.455786e-01
AI.doTRUE             0.07656000 0.27174205  0.28173776 7.781446e-01
AI.stateTRUE          0.24393797 0.27239388  0.89553395 3.705017e-01
AI.speechTRUE         0.65864029 0.37653320  1.74922236 8.025259e-02
AI.reflexiveTRUE     -0.13324545 0.32311072 -0.41238325 6.800585e-01
AI.cookingTRUE       -0.07011452 0.36127863 -0.19407325 8.461185e-01
AI.healthTRUE         0.33135401 0.44236124  0.74905750 4.538225e-01
AI.prayTRUE          -0.23607522 0.60736221 -0.38868934 6.975060e-01
NA.persons.actorTRUE -0.24875689 0.09210872 -2.70068789 6.919624e-03
