                            Estimate Std. Error     z value     Pr(>|z|)
(Intercept)               -1.1526049  0.1043793 -11.0424620 2.384097e-28
PV.TimeTRUE               -0.6058387  0.1580102  -3.8341734 1.259872e-04
PV.DiscourseTRUE          -1.9513526  0.3674512  -5.3105083 1.093199e-07
PV.QualTRUE               -0.9296792  0.3217978  -2.8890167 3.864485e-03
TI.cognitiveTRUE           0.8703011  0.1678184   5.1859695 2.148940e-07
TI.money.countTRUE        -0.5423060  0.6654826  -0.8149063 4.151260e-01
Pron.actorTRUE             0.4836069  0.1575301   3.0699324 2.141072e-03
NI.object.goalTRUE        -0.3534547  0.0975165  -3.6245631 2.894504e-04
NI.nominal.goalTRUE       -0.6639714  0.2159743  -3.0743067 2.109924e-03
NI.natural.force.goalTRUE -0.4808370  0.3137201  -1.5326943 1.253512e-01
NI.nature.plants.goalTRUE -0.5714759  0.3518880  -1.6240278 1.043699e-01
NI.place.goalTRUE         -0.9059505  0.4364007  -2.0759600 3.789765e-02
NDI.Body.goalTRUE         -1.6752481  0.7615293  -2.1998472 2.781774e-02
