                            Estimate Std. Error      z value     Pr(>|z|)
(Intercept)             -0.865776080  0.2461550 -3.517199489 4.361259e-04
PV.MoveTRUE             -0.234234767  0.1428667 -1.639533439 1.011022e-01
PV.QualTRUE             -0.541732878  0.2033013 -2.664679205 7.706180e-03
PV.StartFinTRUE          0.001404565  0.2008784  0.006992117 9.944211e-01
PV.DiscourseTRUE        -0.944006996  0.2556345 -3.692800163 2.217983e-04
PV.TimeTRUE              1.712183139  0.2520369  6.793382504 1.095345e-11
AI.doTRUE               -0.153053489  0.2606221 -0.587262117 5.570277e-01
AI.stateTRUE            -0.010201295  0.2618495 -0.038958627 9.689234e-01
AI.speechTRUE            0.483491698  0.3821356  1.265235961 2.057868e-01
AI.cookingTRUE          -0.463424460  0.3563520 -1.300468167 1.934406e-01
AI.reflexiveTRUE        -0.385680175  0.3204400 -1.203595623 2.287459e-01
AI.pluralTRUE           -0.487394717  0.4653054 -1.047472696 2.948816e-01
NA.persons.actorTRUE    -0.147105454  0.1025406 -1.434606302 1.513993e-01
NDA.Relations.actorTRUE -0.386043379  0.1702955 -2.266903274 2.339614e-02
