                               Estimate Std. Error    z value     Pr(>|z|)
(Intercept)                 -0.35955516  0.3562083 -1.0093956 3.127849e-01
PV.MoveTRUE                 -0.71778703  0.2284598 -3.1418531 1.678822e-03
PV.DiscourseTRUE            -1.41953415  0.3429748 -4.1388880 3.489933e-05
PV.PositionTRUE             -0.60911062  0.2964964 -2.0543610 3.994076e-02
PV.QualTRUE                 -0.50473922  0.3285082 -1.5364587 1.244259e-01
PV.TimeTRUE                  1.63964251  0.3294155  4.9774297 6.443416e-07
TA.speechTRUE                0.07032453  0.4133436  0.1701358 8.649034e-01
TA.doTRUE                   -0.50611505  0.3792703 -1.3344442 1.820583e-01
TA.cognitiveTRUE            -0.13795671  0.3809943 -0.3620966 7.172799e-01
TA.foodTRUE                 -1.43963685  0.5701171 -2.5251601 1.156456e-02
NA.persons.goalTRUE         -0.25286539  0.1314565 -1.9235676 5.440880e-02
NA.beast.of.burden.goalTRUE  0.05458433  0.2676079  0.2039713 8.383759e-01
