                    Estimate Std. Error     z value     Pr(>|z|)
(Intercept)       0.36822410  0.6476014  0.56859682 5.696298e-01
PV.DiscourseTRUE  0.81187450  0.3607190  2.25071199 2.440378e-02
PV.PositionTRUE   1.64168427  0.6082414  2.69906698 6.953418e-03
TA.cognitiveTRUE  0.09363585  0.1267355  0.73882909 4.600108e-01
TA.speechTRUE    -0.38953796  0.1240295 -3.14068866 1.685511e-03
Prox.actorTRUE   -0.78786588  0.3777281 -2.08580152 3.699661e-02
actor.1TRUE       0.28074381  0.1414919  1.98416808 4.723711e-02
actor.2TRUE      -1.50420068  0.2622254 -5.73628906 9.677344e-09
goal.3TRUE        0.27280808  0.6566554  0.41545090 6.778119e-01
goal.4TRUE        0.84162175  0.6543666  1.28616247 1.983864e-01
goal.1TRUE        0.94716486  0.6595319  1.43611674 1.509691e-01
goal.2TRUE       -0.04782202  0.6739667 -0.07095605 9.434327e-01
Sg.goalTRUE      -0.43306268  0.2045737 -2.11690286 3.426809e-02
Px1Sg.goalTRUE    0.62146714  0.3319457  1.87219507 6.117962e-02
Prox.goalTRUE    -0.29893145  0.2862820 -1.04418520 2.963997e-01
                 Estimate Std. Error z value Pr(>|z|)
(Intercept)         0.368      0.648   0.569    0.570
PV.DiscourseTRUE    0.812      0.361   2.251    0.024
PV.PositionTRUE     1.642      0.608   2.699    0.007
TA.cognitiveTRUE    0.094      0.127   0.739    0.460
TA.speechTRUE      -0.390      0.124  -3.141    0.002
Prox.actorTRUE     -0.788      0.378  -2.086    0.037
actor.1TRUE         0.281      0.141   1.984    0.047
actor.2TRUE        -1.504      0.262  -5.736    0.000
goal.3TRUE          0.273      0.657   0.415    0.678
goal.4TRUE          0.842      0.654   1.286    0.198
goal.1TRUE          0.947      0.660   1.436    0.151
goal.2TRUE         -0.048      0.674  -0.071    0.943
Sg.goalTRUE        -0.433      0.205  -2.117    0.034
Px1Sg.goalTRUE      0.621      0.332   1.872    0.061
Prox.goalTRUE      -0.299      0.286  -1.044    0.296
