                                Estimate Std. Error    z value     Pr(>|z|)
(Intercept)                  -0.93448674 0.16752601 -5.5781590 2.430774e-08
PV.TimeTRUE                   0.05202766 0.06501057  0.8002953 4.235397e-01
PV.MoveTRUE                  -0.30291935 0.12786214 -2.3691091 1.783099e-02
PV.QualTRUE                  -0.10101677 0.19111973 -0.5285523 5.971161e-01
PV.StartFinTRUE              -0.35839629 0.21790383 -1.6447453 1.000224e-01
PV.DiscourseTRUE             -1.02172834 0.27251855 -3.7492066 1.773949e-04
PV.PositionTRUE              -0.20393995 0.22930440 -0.8893852 3.737961e-01
AI.doTRUE                    -0.17842518 0.16890572 -1.0563596 2.908039e-01
AI.stateTRUE                 -0.02866350 0.16887825 -0.1697288 8.652234e-01
AI.speechTRUE                 1.86889354 0.17377976 10.7543798 5.651292e-27
AI.cookingTRUE               -0.29159111 0.21791738 -1.3380810 1.808700e-01
AI.reflexiveTRUE             -0.47660533 0.22498214 -2.1184141 3.414002e-02
AI.healthTRUE                -0.14794626 0.26670202 -0.5547249 5.790828e-01
AI.prayTRUE                  -0.64086612 0.38231349 -1.6762843 9.368251e-02
RdplWTRUE                    -0.44815662 0.22326669 -2.0072704 4.472088e-02
NA.persons.actorTRUE         -0.02847580 0.13378146 -0.2128531 8.314415e-01
Sg.actorTRUE                 -0.42082287 0.14348574 -2.9328549 3.358608e-03
Pl.actorTRUE                 -0.30502423 0.19091251 -1.5977174 1.101059e-01
NA.beast.of.burden.actorTRUE -0.15039907 0.36042008 -0.4172883 6.764676e-01
NA.food.actorTRUE            -0.19051961 0.46196495 -0.4124114 6.800379e-01
actor.3TRUE                   0.09086721 0.06845768  1.3273487 1.843934e-01
actor.2TRUE                  -0.50235203 0.16732435 -3.0022649 2.679789e-03
actor.4TRUE                  -0.89316987 0.23312357 -3.8313152 1.274601e-04
                             Estimate Std. Error z value Pr(>|z|)
(Intercept)                    -0.934      0.168  -5.578    0.000
PV.TimeTRUE                     0.052      0.065   0.800    0.424
PV.MoveTRUE                    -0.303      0.128  -2.369    0.018
PV.QualTRUE                    -0.101      0.191  -0.529    0.597
PV.StartFinTRUE                -0.358      0.218  -1.645    0.100
PV.DiscourseTRUE               -1.022      0.273  -3.749    0.000
PV.PositionTRUE                -0.204      0.229  -0.889    0.374
AI.doTRUE                      -0.178      0.169  -1.056    0.291
AI.stateTRUE                   -0.029      0.169  -0.170    0.865
AI.speechTRUE                   1.869      0.174  10.754    0.000
AI.cookingTRUE                 -0.292      0.218  -1.338    0.181
AI.reflexiveTRUE               -0.477      0.225  -2.118    0.034
AI.healthTRUE                  -0.148      0.267  -0.555    0.579
AI.prayTRUE                    -0.641      0.382  -1.676    0.094
RdplWTRUE                      -0.448      0.223  -2.007    0.045
NA.persons.actorTRUE           -0.028      0.134  -0.213    0.831
Sg.actorTRUE                   -0.421      0.143  -2.933    0.003
Pl.actorTRUE                   -0.305      0.191  -1.598    0.110
NA.beast.of.burden.actorTRUE   -0.150      0.360  -0.417    0.676
NA.food.actorTRUE              -0.191      0.462  -0.412    0.680
actor.3TRUE                     0.091      0.068   1.327    0.184
actor.2TRUE                    -0.502      0.167  -3.002    0.003
actor.4TRUE                    -0.893      0.233  -3.831    0.000
