                          Estimate Std. Error    z value     Pr(>|z|)
(Intercept)             -0.1188762 0.30735721 -0.3867688 6.989274e-01
PV.TimeTRUE             -0.4189292 0.08613941 -4.8633866 1.153942e-06
PV.MoveTRUE             -0.9728366 0.20837223 -4.6687441 3.030466e-06
PV.DiscourseTRUE        -1.0659444 0.35223597 -3.0262226 2.476300e-03
PV.QualTRUE             -0.3716011 0.32115934 -1.1570616 2.472472e-01
PV.PositionTRUE         -1.1621283 0.40352308 -2.8799549 3.977321e-03
TA.speechTRUE            0.3171633 0.30132710  1.0525549 2.925450e-01
TA.cognitiveTRUE        -0.3620633 0.30427748 -1.1899116 2.340812e-01
TA.doTRUE               -0.6014700 0.30626575 -1.9638828 4.954368e-02
TA.foodTRUE             -1.5854622 0.42999971 -3.6871239 2.268029e-04
TA.money.countTRUE      -0.4899020 0.42246753 -1.1596206 2.462033e-01
NA.persons.actorTRUE     0.0832748 0.21420167  0.3887682 6.974476e-01
Sg.actorTRUE            -0.3844759 0.28493676 -1.3493378 1.772285e-01
NDA.Relations.actorTRUE -0.1727493 0.35816872 -0.4823126 6.295839e-01
actor.1TRUE              0.6656848 0.12591849  5.2866326 1.245885e-07
actor.4TRUE             -0.6735921 0.24145750 -2.7896922 5.275816e-03
goal.3TRUE              -0.1761276 0.14433876 -1.2202380 2.223747e-01
goal.4TRUE              -0.3200651 0.12819120 -2.4967787 1.253271e-02
goal.2TRUE              -0.9822141 0.21179142 -4.6376483 3.523957e-06
NA.persons.goalTRUE     -0.3957431 0.12853711 -3.0788238 2.078196e-03
Px3Pl.goalTRUE          -1.3345498 0.75987544 -1.7562744 7.904156e-02
                        Estimate Std. Error z value Pr(>|z|)
(Intercept)               -0.119      0.307  -0.387    0.699
PV.TimeTRUE               -0.419      0.086  -4.863    0.000
PV.MoveTRUE               -0.973      0.208  -4.669    0.000
PV.DiscourseTRUE          -1.066      0.352  -3.026    0.002
PV.QualTRUE               -0.372      0.321  -1.157    0.247
PV.PositionTRUE           -1.162      0.404  -2.880    0.004
TA.speechTRUE              0.317      0.301   1.053    0.293
TA.cognitiveTRUE          -0.362      0.304  -1.190    0.234
TA.doTRUE                 -0.601      0.306  -1.964    0.050
TA.foodTRUE               -1.585      0.430  -3.687    0.000
TA.money.countTRUE        -0.490      0.422  -1.160    0.246
NA.persons.actorTRUE       0.083      0.214   0.389    0.697
Sg.actorTRUE              -0.384      0.285  -1.349    0.177
NDA.Relations.actorTRUE   -0.173      0.358  -0.482    0.630
actor.1TRUE                0.666      0.126   5.287    0.000
actor.4TRUE               -0.674      0.241  -2.790    0.005
goal.3TRUE                -0.176      0.144  -1.220    0.222
goal.4TRUE                -0.320      0.128  -2.497    0.013
goal.2TRUE                -0.982      0.212  -4.638    0.000
NA.persons.goalTRUE       -0.396      0.129  -3.079    0.002
Px3Pl.goalTRUE            -1.335      0.760  -1.756    0.079
