                          Estimate Std. Error    z value     Pr(>|z|)
(Intercept)             -0.3220942 0.24127933 -1.3349433 1.818949e-01
PV.TimeTRUE             -0.4194182 0.09427443 -4.4489073 8.630825e-06
PV.MoveTRUE             -0.7991639 0.22409076 -3.5662511 3.621244e-04
PV.DiscourseTRUE        -1.3281574 0.36272377 -3.6616223 2.506232e-04
PV.QualTRUE             -0.2758905 0.34581274 -0.7978032 4.249847e-01
PV.PositionTRUE         -1.4428870 0.40872378 -3.5302252 4.152061e-04
PV.StartFinTRUE         -1.0144975 0.46510555 -2.1812199 2.916716e-02
TA.speechTRUE            0.7783608 0.23741143  3.2785314 1.043488e-03
TA.cognitiveTRUE        -0.1645514 0.24098645 -0.6828244 4.947178e-01
TA.doTRUE               -0.3794906 0.24317788 -1.5605473 1.186306e-01
TA.foodTRUE             -1.5717713 0.39591201 -3.9700017 7.187213e-05
Sg.actorTRUE            -0.1872625 0.25264507 -0.7412079 4.585674e-01
NDA.Relations.actorTRUE -0.3235444 0.35376591 -0.9145719 3.604164e-01
actor.1TRUE              0.5934904 0.15246068  3.8927436 9.911688e-05
actor.4TRUE             -0.6498531 0.26684164 -2.4353511 1.487735e-02
actor.2TRUE              1.5144915 0.27515273  5.5041851 3.708798e-08
goal.3TRUE               0.1584963 0.15671874  1.0113423 3.118526e-01
goal.4TRUE              -0.1170890 0.13477219 -0.8687918 3.849610e-01
NA.persons.goalTRUE     -0.2467405 0.14289517 -1.7267241 8.421723e-02
Px3Sg.goalTRUE          -0.4764356 0.43144444 -1.1042804 2.694715e-01
Px3Pl.goalTRUE          -1.2605411 0.78389346 -1.6080515 1.078239e-01
                        Estimate Std. Error z value Pr(>|z|)
(Intercept)               -0.322      0.241  -1.335    0.182
PV.TimeTRUE               -0.419      0.094  -4.449    0.000
PV.MoveTRUE               -0.799      0.224  -3.566    0.000
PV.DiscourseTRUE          -1.328      0.363  -3.662    0.000
PV.QualTRUE               -0.276      0.346  -0.798    0.425
PV.PositionTRUE           -1.443      0.409  -3.530    0.000
PV.StartFinTRUE           -1.014      0.465  -2.181    0.029
TA.speechTRUE              0.778      0.237   3.279    0.001
TA.cognitiveTRUE          -0.165      0.241  -0.683    0.495
TA.doTRUE                 -0.379      0.243  -1.561    0.119
TA.foodTRUE               -1.572      0.396  -3.970    0.000
Sg.actorTRUE              -0.187      0.253  -0.741    0.459
NDA.Relations.actorTRUE   -0.324      0.354  -0.915    0.360
actor.1TRUE                0.593      0.152   3.893    0.000
actor.4TRUE               -0.650      0.267  -2.435    0.015
actor.2TRUE                1.514      0.275   5.504    0.000
goal.3TRUE                 0.158      0.157   1.011    0.312
goal.4TRUE                -0.117      0.135  -0.869    0.385
NA.persons.goalTRUE       -0.247      0.143  -1.727    0.084
Px3Sg.goalTRUE            -0.476      0.431  -1.104    0.269
Px3Pl.goalTRUE            -1.261      0.784  -1.608    0.108
