                                Estimate Std. Error    z value     Pr(>|z|)
(Intercept)                  -1.40981349 0.18292819 -7.7069233 1.288873e-14
PV.TimeTRUE                   0.08181066 0.06922025  1.1818892 2.372497e-01
PV.MoveTRUE                  -0.32562258 0.13333913 -2.4420632 1.460359e-02
PV.QualTRUE                  -0.18586554 0.19601517 -0.9482202 3.430174e-01
PV.StartFinTRUE              -0.51467256 0.22470774 -2.2904087 2.199764e-02
PV.DiscourseTRUE             -1.09536788 0.27769929 -3.9444389 7.998705e-05
PV.PositionTRUE              -0.33832737 0.23438724 -1.4434547 1.488924e-01
AI.doTRUE                    -0.05353388 0.14516354 -0.3687832 7.122893e-01
AI.stateTRUE                  0.01600548 0.14504419  0.1103490 9.121326e-01
AI.speechTRUE                 2.08590467 0.15624407 13.3502965 1.179784e-40
AI.cookingTRUE               -0.19398835 0.20379623 -0.9518741 3.411608e-01
AI.reflexiveTRUE             -0.41226158 0.21101400 -1.9537167 5.073473e-02
AI.prayTRUE                  -0.38082193 0.38707986 -0.9838330 3.251976e-01
RdplWTRUE                    -0.60465113 0.23046040 -2.6236661 8.698902e-03
NA.persons.actorTRUE         -0.06817110 0.11606031 -0.5873765 5.569509e-01
Pl.actorTRUE                  0.04062747 0.17910449  0.2268367 8.205508e-01
NA.beast.of.burden.actorTRUE -0.37254511 0.36239418 -1.0280108 3.039448e-01
actor.3TRUE                   0.63450961 0.12848704  4.9383161 7.880005e-07
actor.1TRUE                   0.90988749 0.13219442  6.8829492 5.862594e-12
actor.4TRUE                  -0.19337030 0.26273912 -0.7359783 4.617439e-01
                             Estimate Std. Error z value Pr(>|z|)
(Intercept)                    -1.410      0.183  -7.707    0.000
PV.TimeTRUE                     0.082      0.069   1.182    0.237
PV.MoveTRUE                    -0.326      0.133  -2.442    0.015
PV.QualTRUE                    -0.186      0.196  -0.948    0.343
PV.StartFinTRUE                -0.515      0.225  -2.290    0.022
PV.DiscourseTRUE               -1.095      0.278  -3.944    0.000
PV.PositionTRUE                -0.338      0.234  -1.443    0.149
AI.doTRUE                      -0.054      0.145  -0.369    0.712
AI.stateTRUE                    0.016      0.145   0.110    0.912
AI.speechTRUE                   2.086      0.156  13.350    0.000
AI.cookingTRUE                 -0.194      0.204  -0.952    0.341
AI.reflexiveTRUE               -0.412      0.211  -1.954    0.051
AI.prayTRUE                    -0.381      0.387  -0.984    0.325
RdplWTRUE                      -0.605      0.230  -2.624    0.009
NA.persons.actorTRUE           -0.068      0.116  -0.587    0.557
Pl.actorTRUE                    0.041      0.179   0.227    0.821
NA.beast.of.burden.actorTRUE   -0.373      0.362  -1.028    0.304
actor.3TRUE                     0.635      0.128   4.938    0.000
actor.1TRUE                     0.910      0.132   6.883    0.000
actor.4TRUE                    -0.193      0.263  -0.736    0.462
