                   Estimate Std. Error    z value    Pr(>|z|)
(Intercept)      -0.6760733  0.6955647 -0.9719776 0.331061685
PV.DiscourseTRUE -0.2750660  0.3725080 -0.7384163 0.460261519
PV.PositionTRUE  -1.4781456  0.7334242 -2.0154035 0.043862391
TA.cognitiveTRUE -0.4532141  0.1511568 -2.9983056 0.002714853
TA.speechTRUE     0.2878570  0.1355511  2.1236048 0.033703202
Prox.actorTRUE    1.1602482  0.3803223  3.0506973 0.002283106
actor.1TRUE       0.1100159  0.1618036  0.6799349 0.496545697
actor.2TRUE       0.1621790  0.2848235  0.5694017 0.569083584
goal.3TRUE       -0.7261149  0.7079805 -1.0256143 0.305073436
goal.4TRUE       -1.0013164  0.7048892 -1.4205301 0.155453404
goal.1TRUE       -0.8006620  0.7087995 -1.1296029 0.258643597
goal.2TRUE       -0.4630606  0.7279257 -0.6361372 0.524687021
Sg.goalTRUE       0.5684469  0.2156833  2.6355635 0.008399770
Px1Sg.goalTRUE   -0.2303134  0.3423012 -0.6728385 0.501050017
Prox.goalTRUE     0.3076521  0.3019692  1.0188196 0.308288641
                 Estimate Std. Error z value Pr(>|z|)
(Intercept)        -0.676      0.696  -0.972    0.331
PV.DiscourseTRUE   -0.275      0.373  -0.738    0.460
PV.PositionTRUE    -1.478      0.733  -2.015    0.044
TA.cognitiveTRUE   -0.453      0.151  -2.998    0.003
TA.speechTRUE       0.288      0.136   2.124    0.034
Prox.actorTRUE      1.160      0.380   3.051    0.002
actor.1TRUE         0.110      0.162   0.680    0.497
actor.2TRUE         0.162      0.285   0.569    0.569
goal.3TRUE         -0.726      0.708  -1.026    0.305
goal.4TRUE         -1.001      0.705  -1.421    0.155
goal.1TRUE         -0.801      0.709  -1.130    0.259
goal.2TRUE         -0.463      0.728  -0.636    0.525
Sg.goalTRUE         0.568      0.216   2.636    0.008
Px1Sg.goalTRUE     -0.230      0.342  -0.673    0.501
Prox.goalTRUE       0.308      0.302   1.019    0.308
