                           Estimate Std. Error     z value     Pr(>|z|)
(Intercept)             -1.16510185 0.11163281 -10.4369123 1.681926e-25
PV.QualTRUE             -0.13679638 0.23244118  -0.5885204 5.561830e-01
PV.DiscourseTRUE        -0.69884693 0.29945906  -2.3336977 1.961156e-02
PV.PositionTRUE         -0.91082799 0.37528369  -2.4270386 1.522264e-02
PV.WantCanTRUE          -1.21197185 0.60269038  -2.0109361 4.433220e-02
AI.doTRUE                0.22334665 0.08252512   2.7064079 6.801545e-03
AI.cookingTRUE          -0.32154766 0.20949108  -1.5348990 1.248086e-01
AI.healthTRUE            0.08963949 0.26461135   0.3387591 7.347912e-01
RdplWTRUE               -0.49804500 0.29091059  -1.7120209 8.689282e-02
NA.persons.actorTRUE     0.32062783 0.16603355   1.9311026 5.347036e-02
Sg.actorTRUE             0.61390192 0.19559813   3.1385879 1.697640e-03
Pl.actorTRUE             0.55358169 0.21533731   2.5707653 1.014741e-02
NDA.Relations.actorTRUE -0.20950457 0.23934774  -0.8753146 3.814028e-01
actor.3TRUE             -0.56275197 0.12212768  -4.6078985 4.067591e-06
actor.1TRUE             -0.50097424 0.12644750  -3.9619149 7.435106e-05
actor.2TRUE              0.14853744 0.18858159   0.7876561 4.308979e-01
                        Estimate Std. Error z value Pr(>|z|)
(Intercept)               -1.165      0.112 -10.437    0.000
PV.QualTRUE               -0.137      0.232  -0.589    0.556
PV.DiscourseTRUE          -0.699      0.299  -2.334    0.020
PV.PositionTRUE           -0.911      0.375  -2.427    0.015
PV.WantCanTRUE            -1.212      0.603  -2.011    0.044
AI.doTRUE                  0.223      0.083   2.706    0.007
AI.cookingTRUE            -0.322      0.209  -1.535    0.125
AI.healthTRUE              0.090      0.265   0.339    0.735
RdplWTRUE                 -0.498      0.291  -1.712    0.087
NA.persons.actorTRUE       0.321      0.166   1.931    0.053
Sg.actorTRUE               0.614      0.196   3.139    0.002
Pl.actorTRUE               0.554      0.215   2.571    0.010
NDA.Relations.actorTRUE   -0.210      0.239  -0.875    0.381
actor.3TRUE               -0.563      0.122  -4.608    0.000
actor.1TRUE               -0.501      0.126  -3.962    0.000
actor.2TRUE                0.149      0.189   0.788    0.431
