                   Estimate Std. Error    z value     Pr(>|z|)
(Intercept)      -2.4186805  1.0609619 -2.2797053 2.262517e-02
PV.DiscourseTRUE -2.1451629  1.0261242 -2.0905490 3.656851e-02
PV.PositionTRUE  -1.4544904  1.0214197 -1.4239889 1.544497e-01
TA.cognitiveTRUE  0.4941851  0.1837809  2.6889909 7.166837e-03
TA.speechTRUE     0.3392753  0.1934208  1.7540787 7.941702e-02
Prox.actorTRUE   -1.1292370  1.0328129 -1.0933607 2.742355e-01
actor.1TRUE      -0.7085509  0.2067343 -3.4273504 6.095019e-04
actor.2TRUE       1.7214839  0.2672785  6.4407876 1.188551e-10
goal.3TRUE        0.5769609  1.0690708  0.5396845 5.894146e-01
goal.4TRUE       -0.1388410  1.0693309 -0.1298392 8.966937e-01
goal.1TRUE       -0.8301925  1.0861504 -0.7643440 4.446623e-01
goal.2TRUE        0.8298097  1.0875059  0.7630393 4.454400e-01
Sg.goalTRUE      -0.1345268  0.2933743 -0.4585501 6.465573e-01
Px1Sg.goalTRUE   -1.9319097  1.0380211 -1.8611469 6.272343e-02
Prox.goalTRUE     0.1296801  0.4318222  0.3003089 7.639415e-01
                 Estimate Std. Error z value Pr(>|z|)
(Intercept)        -2.419      1.061  -2.280    0.023
PV.DiscourseTRUE   -2.145      1.026  -2.091    0.037
PV.PositionTRUE    -1.454      1.021  -1.424    0.154
TA.cognitiveTRUE    0.494      0.184   2.689    0.007
TA.speechTRUE       0.339      0.193   1.754    0.079
Prox.actorTRUE     -1.129      1.033  -1.093    0.274
actor.1TRUE        -0.709      0.207  -3.427    0.001
actor.2TRUE         1.721      0.267   6.441    0.000
goal.3TRUE          0.577      1.069   0.540    0.589
goal.4TRUE         -0.139      1.069  -0.130    0.897
goal.1TRUE         -0.830      1.086  -0.764    0.445
goal.2TRUE          0.830      1.088   0.763    0.445
Sg.goalTRUE        -0.135      0.293  -0.459    0.647
Px1Sg.goalTRUE     -1.932      1.038  -1.861    0.063
Prox.goalTRUE       0.130      0.432   0.300    0.764
