                            Estimate Std. Error      z value     Pr(>|z|)
(Intercept)             -2.575175042  0.1848873 -13.92835172 4.260752e-44
PV.QualTRUE             -1.510013429  0.7174814  -2.10460294 3.532589e-02
PV.DiscourseTRUE        -0.356302986  0.4015843  -0.88724326 3.749479e-01
PV.PositionTRUE         -0.687030426  0.5244549  -1.30998941 1.901994e-01
PV.WantCanTRUE           1.699704156  0.3499596   4.85685776 1.192632e-06
AI.doTRUE               -0.001929311  0.1320758  -0.01460761 9.883452e-01
AI.cookingTRUE           0.434229433  0.2493206   1.74165083 8.156956e-02
AI.healthTRUE            1.144867519  0.2937803   3.89701998 9.738359e-05
RdplWTRUE               -0.738495844  0.5186097  -1.42399151 1.544489e-01
NA.persons.actorTRUE    -0.314524039  0.3009608  -1.04506659 2.959922e-01
Sg.actorTRUE             0.451387820  0.3464019   1.30307537 1.925490e-01
Pl.actorTRUE            -0.784273902  0.5209941  -1.50534132 1.322363e-01
NDA.Relations.actorTRUE -2.760642568  1.0449642  -2.64185378 8.245364e-03
actor.3TRUE             -0.124673794  0.1985209  -0.62801356 5.299951e-01
actor.1TRUE             -0.160467989  0.2067539  -0.77613023 4.376721e-01
actor.2TRUE              1.752864274  0.2294305   7.64006637 2.171098e-14
                        Estimate Std. Error z value Pr(>|z|)
(Intercept)               -2.575      0.185 -13.928    0.000
PV.QualTRUE               -1.510      0.717  -2.105    0.035
PV.DiscourseTRUE          -0.356      0.402  -0.887    0.375
PV.PositionTRUE           -0.687      0.524  -1.310    0.190
PV.WantCanTRUE             1.700      0.350   4.857    0.000
AI.doTRUE                 -0.002      0.132  -0.015    0.988
AI.cookingTRUE             0.434      0.249   1.742    0.082
AI.healthTRUE              1.145      0.294   3.897    0.000
RdplWTRUE                 -0.738      0.519  -1.424    0.154
NA.persons.actorTRUE      -0.315      0.301  -1.045    0.296
Sg.actorTRUE               0.451      0.346   1.303    0.193
Pl.actorTRUE              -0.784      0.521  -1.505    0.132
NDA.Relations.actorTRUE   -2.761      1.045  -2.642    0.008
actor.3TRUE               -0.125      0.199  -0.628    0.530
actor.1TRUE               -0.160      0.207  -0.776    0.438
actor.2TRUE                1.753      0.229   7.640    0.000
