                           Estimate Std. Error     z value     Pr(>|z|)
(Intercept)              0.79846193  0.1155580   6.9096208 4.859510e-12
PV.TimeTRUE             -3.37199312  0.2127651 -15.8484301 1.441367e-56
PV.PositionTRUE         -1.51128227  0.1526281  -9.9017277 4.091449e-23
Sg.actorTRUE            -0.52039037  0.2369468  -2.1962333 2.807525e-02
Pl.actorTRUE            -0.59040171  0.2571501  -2.2959420 2.167920e-02
Indef.actorTRUE         -1.24425916  0.5256149  -2.3672449 1.792107e-02
actor.2TRUE             -1.01270842  0.1843067  -5.4946906 3.913960e-08

PV.QualTRUE              0.50648661  0.2074205   2.4418346 1.461284e-02
AI.stateTRUE             0.09518396  0.1168582   0.8145251 4.153442e-01
AI.cookingTRUE           0.75051801  0.2694352   2.7855229 5.344146e-03
NDA.Relations.actorTRUE  0.78877097  0.2648855   2.9777812 2.903431e-03
Pers.actorTRUE           0.19541335  0.3172865   0.6158892 5.379677e-01
actor.3TRUE              0.50380035  0.1136710   4.4320910 9.332361e-06
actor.1TRUE              0.42314780  0.1184626   3.5719956 3.542714e-04
