                            Estimate Std. Error    z value     Pr(>|z|)
(Intercept)               -1.4993796  0.1125040 -13.327346 1.605068e-40

PV.TimeTRUE               -0.7283363  0.1606563  -4.533505 5.801276e-06
PV.QualTRUE               -0.8419891  0.3250824  -2.590079 9.595391e-03

NI.object.goalTRUE        -0.9479419  0.4383023  -2.162758 3.055980e-02
NI.nominal.goalTRUE       -1.1874142  0.4777784  -2.485282 1.294488e-02
NI.nature.plants.goalTRUE -1.1482457  0.5525864  -2.077948 3.771417e-02
NI.place.goalTRUE         -1.4815330  0.5892124  -2.514430 1.192251e-02

actor.4TRUE               -1.8429234  0.6006407  -3.068263 2.153074e-03
NDI.Body.goalTRUE         -2.1094373  0.8837888  -2.386812 1.699520e-02
PV.DiscourseTRUE          -2.0054847  0.3697720  -5.423571 5.842010e-08



TI.cognitiveTRUE           0.7839431  0.1634942   4.794928 1.627333e-06
Pron.actorTRUE             0.5102537  0.1596029   3.197020 1.388553e-03
actor.1TRUE                0.7472539  0.0934946   7.992482 1.322484e-15
Pl.goalTRUE                0.5051324  0.4609677   1.095809 2.731625e-01
actor.2TRUE                1.2018050  0.1482221   8.108137 5.140196e-16

