                           Estimate Std. Error    z value     Pr(>|z|)
(Intercept)             -0.90232927  0.1201892 -7.5075707 6.023463e-14
PV.TimeTRUE             -0.59411346  0.1692510 -3.5102509 4.476841e-04
PV.QualTRUE             -0.47166104  0.2157808 -2.1858343 2.882773e-02
AI.cookingTRUE          -0.88436695  0.2956188 -2.9915788 2.775389e-03
NDA.Relations.actorTRUE -0.96695711  0.2746785 -3.5203229 4.310217e-04
actor.3TRUE             -0.53407188  0.1181624 -4.5198138 6.189403e-06
actor.1TRUE             -0.37709915  0.1227807 -3.0713228 2.131126e-03

PV.PositionTRUE         -2.15694351  0.3089848 -6.9807429 2.936233e-12
PV.WantCanTRUE          -1.17880606  0.5496584 -2.1446158 3.198358e-02


actor.2TRUE              0.44438017  0.1803581  2.4638771 1.374432e-02
Sg.actorTRUE             0.69196574  0.2403534  2.8789511 3.990002e-03
Pl.actorTRUE             0.72011299  0.2633134  2.7348137 6.241559e-03